randomPermutation:
	number					time
       500				    0.0030
      1000				    0.0110
      2000				    0.0440
      4000				    0.1700
      8000				    0.7470
     16000				    3.7250
     32000				   10.7960
     64000				   75.3840
randomPermutation:
	number					time
     50000				    0.0900
    100000				    0.2160
    200000				    0.5040
    400000				    1.1140
    800000				    2.2360
   1600000				    5.0600
   3200000				   10.5650
   6400000				   24.8300
randomPermutation:
	number					time
     50000				    0.0110
    100000				    0.0200
    200000				    0.0410
    400000				    0.0750
    800000				    0.1600
   1600000				    0.3540
   3200000				    0.7550
   6400000				    1.6350
